0.000000000000000000e+00 2.615694589844205819e-04
3.333333333333333481e+00 8.041044715669605405e-05
6.666666666666666963e+00 2.358582226023235072e-05
1.000000000000000000e+01 9.185380738773296758e-05
1.333333333333333393e+01 7.898450463937388237e-05
1.666666666666666785e+01 6.649941022822063012e-05
2.000000000000000000e+01 1.582816563735738719e-04
2.333333333333333570e+01 1.165733182347183727e-04
2.666666666666666785e+01 1.348632831233066590e-04
3.000000000000000000e+01 1.121969999815725035e-04
3.333333333333333570e+01 4.768480024274945243e-05
3.666666666666667140e+01 1.567664602224478753e-04
4.000000000000000000e+01 4.796733555494112289e-05
4.333333333333333570e+01 1.343613643075755311e-04
4.666666666666667140e+01 4.029979085079404182e-04
5.000000000000000000e+01 6.091626938793737622e+00
5.333333333333333570e+01 3.256505489467077254e-04
5.666666666666667140e+01 2.192461171867790060e-04
6.000000000000000000e+01 6.628512283428611125e-05
6.333333333333333570e+01 1.258944563549413691e-04
6.666666666666667140e+01 5.200923415520747431e-05
7.000000000000000000e+01 9.753820794177336538e-05
7.333333333333334281e+01 5.794209796460173754e-05
7.666666666666667140e+01 4.018760369437974399e-05
8.000000000000000000e+01 1.379142524641279669e-04
8.333333333333334281e+01 5.508103260178555952e-05
8.666666666666667140e+01 1.138309052124475472e-04
9.000000000000000000e+01 1.201291726197562724e-04
9.333333333333334281e+01 6.850935266543154356e-05
9.666666666666667140e+01 7.779557880024411186e-05
1.000000000000000000e+02 3.931162999273332898e-04
1.033333333333333428e+02 7.857620571652617172e-05
1.066666666666666714e+02 1.542779521820593553e-04
1.100000000000000000e+02 8.212335892133958907e-05
1.133333333333333428e+02 1.333361110467998331e-04
1.166666666666666714e+02 4.154681779755895886e-05
1.200000000000000000e+02 9.899510752854517371e-05
1.233333333333333428e+02 6.289732155112852873e-05
1.266666666666666714e+02 6.246665221004609673e-05
1.300000000000000000e+02 7.292268791959543759e-05
1.333333333333333428e+02 1.030383765260683114e-04
1.366666666666666856e+02 1.011232382294108219e-04
1.400000000000000000e+02 1.186032493504862522e-04
1.433333333333333428e+02 1.983580641514654582e-04
1.466666666666666856e+02 3.131337063182455349e-04
1.500000000000000000e+02 2.031896925830640743e+00
1.533333333333333428e+02 3.491031025171855719e-04
1.566666666666666856e+02 2.082067562970439309e-04
1.600000000000000000e+02 6.083876388366146043e-05
1.633333333333333428e+02 4.718175896372429342e-05
1.666666666666666856e+02 1.409788293123936508e-04
1.700000000000000000e+02 5.642505012504474938e-05
1.733333333333333428e+02 1.249832452405540259e-04
1.766666666666666856e+02 9.330619494763661042e-05
1.800000000000000000e+02 5.611810714498177076e-05
1.833333333333333428e+02 8.267710606967159531e-05
1.866666666666666856e+02 8.710887191191681901e-05
1.900000000000000000e+02 1.064353407378193007e-04
1.933333333333333428e+02 6.253808833325633510e-05
1.966666666666666856e+02 1.572190529888911072e-05
2.000000000000000000e+02 3.552498403209907157e-04
2.033333333333333428e+02 4.031114197581757110e-05
2.066666666666666856e+02 3.576653251977333643e-05
2.100000000000000000e+02 1.273455996331379918e-04
2.133333333333333428e+02 6.051083327801487548e-05
2.166666666666666856e+02 2.252137999300833410e-04
2.200000000000000000e+02 7.803379121356777048e-05
2.233333333333333428e+02 7.866783643061878834e-05
2.266666666666666856e+02 3.874406330556023686e-05
2.300000000000000000e+02 7.277300237397454127e-05
2.333333333333333428e+02 1.371389365870349789e-04
2.366666666666666856e+02 1.613159109480857251e-05
2.400000000000000000e+02 1.877551186887728202e-04
2.433333333333333428e+02 2.744377021630505648e-04
2.466666666666666856e+02 4.122098143106479070e-04
2.500000000000000000e+02 1.220742059191666007e+00
2.533333333333333428e+02 2.758949536557590691e-04
2.566666666666666856e+02 2.058078130444153386e-04
2.600000000000000000e+02 7.244022112607122058e-05
2.633333333333333712e+02 7.126133649424856980e-05
2.666666666666666856e+02 8.699955289280038881e-05
2.700000000000000000e+02 6.901267627763753732e-05
2.733333333333333712e+02 1.122740663778321751e-04
2.766666666666666856e+02 1.029745154386600768e-04
2.800000000000000000e+02 1.311927004276984803e-04
2.833333333333333712e+02 8.819876568156118926e-05
2.866666666666666856e+02 4.427507272692539217e-05
2.900000000000000000e+02 1.407263067974002363e-04
2.933333333333333712e+02 1.327088160597564629e-04
2.966666666666666856e+02 1.004420129303146405e-04
3.000000000000000000e+02 3.757937002421292806e-04
3.033333333333333712e+02 9.591412911870469114e-05
3.066666666666666856e+02 1.696340200064177286e-05
3.100000000000000000e+02 5.277452197422148855e-05
3.133333333333333712e+02 2.789755765662740923e-05
3.166666666666666856e+02 4.949315240127761454e-05
3.200000000000000000e+02 6.291617855832385320e-05
3.233333333333333712e+02 4.287202449988785540e-05
3.266666666666666856e+02 1.989989844762448163e-05
3.300000000000000000e+02 7.772738447070036275e-05
3.333333333333333712e+02 1.498637758204960605e-04
3.366666666666666856e+02 4.975225853762158277e-05
3.400000000000000000e+02 7.748613203677454954e-05
3.433333333333333712e+02 1.879337639260880688e-04
3.466666666666666856e+02 3.604879204334148087e-04
3.500000000000000000e+02 8.736934485697306352e-01
3.533333333333333712e+02 3.661873127822551973e-04
3.566666666666666856e+02 1.648240940365304811e-04
3.600000000000000000e+02 1.143384797345456698e-04
3.633333333333333712e+02 1.685970238599207517e-04
3.666666666666666856e+02 8.477622144987025782e-05
3.700000000000000000e+02 6.370955155570485887e-05
3.733333333333333712e+02 7.163325788594896099e-05
3.766666666666666856e+02 1.310421997310894657e-04
3.800000000000000000e+02 3.600777496911956670e-05
3.833333333333333712e+02 1.755091692619378699e-04
3.866666666666666856e+02 4.935398223285228408e-05
3.900000000000000000e+02 5.241943107422347757e-05
3.933333333333333712e+02 4.110232764852629866e-05
3.966666666666666856e+02 1.105933538606354989e-04
4.000000000000000000e+02 3.317918779446626162e-04
4.033333333333333712e+02 4.068606325654009159e-05
4.066666666666666856e+02 4.791560363473128866e-05
4.100000000000000000e+02 3.255419781646843344e-05
4.133333333333333712e+02 7.149358565906441850e-05
4.166666666666666856e+02 1.222211227526743388e-04
4.200000000000000000e+02 7.944889244190820406e-05
4.233333333333333712e+02 6.461668137836955881e-05
4.266666666666666856e+02 3.878080228038295417e-05
4.300000000000000000e+02 7.444482333198460130e-05
4.333333333333333712e+02 9.367543181254928640e-05
4.366666666666666856e+02 7.722226505299059651e-05
4.400000000000000000e+02 1.489544660412154360e-04
4.433333333333333712e+02 1.511447794224958388e-04
4.466666666666666856e+02 2.920063698606121172e-04
4.500000000000000000e+02 6.812227360151285049e-01
4.533333333333333712e+02 3.896472763865177491e-04
4.566666666666666856e+02 1.548166416954505499e-04
4.600000000000000000e+02 8.299285860669219483e-05
4.633333333333333712e+02 1.191020990369220543e-04
4.666666666666666856e+02 5.296587022768840423e-05
4.700000000000000000e+02 1.094707050717576318e-04
4.733333333333333712e+02 1.085173617870786530e-04
4.766666666666666856e+02 1.026427301697747653e-04
4.800000000000000000e+02 3.427852924941984905e-05
4.833333333333333712e+02 1.004785856758895636e-04
4.866666666666666856e+02 5.075924592233947859e-05
4.900000000000000000e+02 9.809944162470518613e-05
4.933333333333333712e+02 3.116239545359577028e-05
4.966666666666666856e+02 6.446640069354635217e-05
5.000000000000000000e+02 2.470165655449393515e-04
5.033333333333333712e+02 1.149462496272667811e-04
5.066666666666666856e+02 5.339529890347623594e-05
5.100000000000000000e+02 3.887548579078978645e-05
5.133333333333333712e+02 1.168670464075775736e-04
5.166666666666667425e+02 4.745131237798130749e-05
5.200000000000000000e+02 6.348895188793998408e-05
5.233333333333333712e+02 8.956843913719804765e-05
5.266666666666667425e+02 1.343984791186739441e-04
5.300000000000000000e+02 9.442404275142348411e-05
5.333333333333333712e+02 1.267335410057800183e-04
5.366666666666667425e+02 6.647747386192172771e-05
5.400000000000000000e+02 1.368844875921414260e-04
5.433333333333333712e+02 1.255643301970795237e-04
5.466666666666667425e+02 3.647294791229108851e-04
5.500000000000000000e+02 5.590159831240180122e-01
5.533333333333333712e+02 2.163435468536150427e-04
5.566666666666667425e+02 8.295954868142573640e-05
5.600000000000000000e+02 7.422969971317829139e-05
5.633333333333333712e+02 7.129794801084783423e-05
5.666666666666667425e+02 1.806242375393405438e-04
5.700000000000000000e+02 1.972842136886273639e-05
5.733333333333333712e+02 1.065688382033282930e-04
5.766666666666667425e+02 1.053399597663086260e-04
5.800000000000000000e+02 1.270093952085774285e-04
5.833333333333333712e+02 6.127188734273997933e-05
5.866666666666667425e+02 1.093613354922686490e-04
5.900000000000000000e+02 7.733829480898795565e-05
5.933333333333333712e+02 1.249783030587726658e-04
5.966666666666667425e+02 6.013494088794263479e-05
6.000000000000000000e+02 3.535321023392025311e-04
6.033333333333333712e+02 4.129801771467815033e-05
6.066666666666667425e+02 1.101934792774483122e-05
6.100000000000000000e+02 1.178029075242270672e-04
6.133333333333333712e+02 4.854945493265595114e-05
6.166666666666667425e+02 6.881054355852340054e-05
6.200000000000000000e+02 5.642129268805919431e-05
6.233333333333333712e+02 1.312005409919095994e-04
6.266666666666667425e+02 1.223798269099194088e-05
6.300000000000000000e+02 1.550227307955531148e-05
6.333333333333333712e+02 9.329356072259306144e-05
6.366666666666667425e+02 4.067884508531758063e-05
6.400000000000000000e+02 2.269597690511772193e-05
6.433333333333333712e+02 1.910470185566237285e-04
6.466666666666667425e+02 3.330391690173260485e-04
6.500000000000000000e+02 4.747125490096436584e-01
6.533333333333333712e+02 3.290958574994845109e-04
6.566666666666667425e+02 2.213230705063675308e-04
6.600000000000000000e+02 1.099305946134432538e-04
6.633333333333333712e+02 2.770705095419180467e-05
6.666666666666667425e+02 1.411596989232791373e-04
6.700000000000000000e+02 4.627294198834054775e-05
6.733333333333333712e+02 9.054412816367744419e-05
6.766666666666667425e+02 1.552716804633748132e-04
6.800000000000000000e+02 2.737812330939285243e-05
6.833333333333333712e+02 7.751758692025777968e-05
6.866666666666667425e+02 5.146186195711457154e-05
6.900000000000000000e+02 1.199155874279796244e-04
6.933333333333333712e+02 1.564736220240728109e-04
6.966666666666667425e+02 3.040383685596420189e-05
7.000000000000000000e+02 2.503621429045574495e-04
7.033333333333333712e+02 4.356834129032309706e-05
7.066666666666667425e+02 2.457529839460301704e-05
7.100000000000000000e+02 8.182484508996227775e-05
7.133333333333333712e+02 3.988231972812876736e-05
7.166666666666667425e+02 1.041322680570754770e-04
7.200000000000000000e+02 2.092339042453799156e-05
7.233333333333333712e+02 5.890393858032956785e-05
7.266666666666667425e+02 1.257387501626051245e-04
7.300000000000000000e+02 1.469627307893308168e-04
7.333333333333333712e+02 1.557746626263198245e-04
7.366666666666667425e+02 6.900900210900126315e-05
7.400000000000000000e+02 7.285489972742863229e-05
7.433333333333333712e+02 1.303370908577828680e-04
7.466666666666667425e+02 3.171899149275340729e-04
7.500000000000000000e+02 4.131223160623272439e-01
7.533333333333333712e+02 2.442627426298577551e-04
7.566666666666667425e+02 3.028516370403966482e-04
7.600000000000000000e+02 1.485382294857916501e-04
7.633333333333333712e+02 2.878936824974977359e-05
7.666666666666667425e+02 3.929675277549201761e-05
7.700000000000000000e+02 6.087664948072460446e-05
7.733333333333333712e+02 6.967435936847754605e-05
7.766666666666667425e+02 6.245580472191407536e-05
7.800000000000000000e+02 1.608267245658147717e-04
7.833333333333333712e+02 7.288306900883899419e-05
7.866666666666667425e+02 1.678844755001113794e-04
7.900000000000000000e+02 1.173237630433929848e-04
7.933333333333333712e+02 6.694996732389318559e-05
7.966666666666667425e+02 8.791584405534367229e-05
8.000000000000000000e+02 3.094185900476790628e-04
8.033333333333333712e+02 7.272462594119947024e-05
8.066666666666667425e+02 5.110943845412939585e-05
8.100000000000000000e+02 7.038866296692336132e-05
8.133333333333333712e+02 9.688291203536918193e-05
8.166666666666667425e+02 3.900477506909909921e-05
8.200000000000000000e+02 1.052018412144353337e-04
8.233333333333333712e+02 1.361099439997372196e-04
8.266666666666667425e+02 4.514635417723352568e-05
8.300000000000000000e+02 8.980558005344587975e-05
8.333333333333333712e+02 3.751507240876737293e-05
8.366666666666667425e+02 2.452008844670639911e-05
8.400000000000000000e+02 5.689411831398186311e-05
8.433333333333333712e+02 1.935037377816521307e-04
8.466666666666667425e+02 3.573816156427782787e-04
8.500000000000000000e+02 3.661041590719975591e-01
8.533333333333333712e+02 1.599257705659642515e-04
8.566666666666667425e+02 2.254261457417291027e-04
8.600000000000000000e+02 9.400020782926803121e-05
8.633333333333333712e+02 8.233879389042285304e-05
8.666666666666667425e+02 6.591041606211383620e-05
8.700000000000000000e+02 1.201224799952069786e-04
8.733333333333333712e+02 3.454119576587387578e-05
8.766666666666667425e+02 4.452747797042143666e-05
8.800000000000000000e+02 4.814225340351134394e-05
8.833333333333333712e+02 4.812152846914378703e-05
8.866666666666667425e+02 2.575687863725801486e-05
8.900000000000000000e+02 1.790748454264116712e-04
8.933333333333333712e+02 1.283785141354753601e-04
8.966666666666667425e+02 6.335855554886512923e-05
9.000000000000000000e+02 2.877268658055822065e-04
9.033333333333333712e+02 9.355888441438264553e-05
9.066666666666667425e+02 4.321173904678249535e-05
9.100000000000000000e+02 5.760853187221325191e-05
9.133333333333333712e+02 4.130223320601055854e-05
9.166666666666667425e+02 1.408813160425942304e-04
9.200000000000000000e+02 6.772562165449645449e-05
9.233333333333333712e+02 1.484834679374491594e-04
9.266666666666667425e+02 8.833198389947603075e-05
9.300000000000000000e+02 8.009082873319297842e-05
9.333333333333333712e+02 5.457929732603378225e-05
9.366666666666667425e+02 8.850386298106219685e-05
9.400000000000000000e+02 1.822998607944520725e-04
9.433333333333333712e+02 2.757617539265422540e-04
9.466666666666667425e+02 4.025582736010812615e-04
9.500000000000000000e+02 3.290814455219967516e-01
9.533333333333333712e+02 2.995144717427872141e-04
9.566666666666667425e+02 1.541034814469912945e-04
9.600000000000000000e+02 9.184379984169653165e-05
9.633333333333333712e+02 1.490193708394651378e-04
9.666666666666667425e+02 1.111878007882379979e-04
9.700000000000000000e+02 1.254160812929586589e-04
9.733333333333333712e+02 6.898854653644699673e-05
9.766666666666667425e+02 4.140623372053395051e-05
9.800000000000000000e+02 2.919546280656181261e-05
9.833333333333333712e+02 7.993605593982058073e-05
9.866666666666667425e+02 1.325210421102658229e-04
9.900000000000000000e+02 5.391023658098119560e-05
9.933333333333333712e+02 1.068254326728831525e-04
9.966666666666667425e+02 1.131436076144807270e-04
1.000000000000000000e+03 2.211675923778399014e-04
1.003333333333333371e+03 1.309621407944356643e-04
1.006666666666666742e+03 5.013106632926174960e-05
1.010000000000000000e+03 1.030472614974506916e-04
1.013333333333333371e+03 4.781070373998646265e-05
1.016666666666666742e+03 1.409104390896040633e-04
1.020000000000000000e+03 9.627751721808844017e-05
1.023333333333333371e+03 8.303026064681280432e-05
1.026666666666666742e+03 9.255047533584918624e-05
1.030000000000000000e+03 1.278245300413090627e-04
1.033333333333333485e+03 1.224732063927238255e-04
1.036666666666666742e+03 1.625357403735413391e-04
1.040000000000000000e+03 2.009292288097744587e-04
1.043333333333333485e+03 1.377489736099922252e-04
1.046666666666666742e+03 3.201122432954530122e-04
1.050000000000000000e+03 2.993421254347783944e-01
1.053333333333333485e+03 3.073102386663982056e-04
1.056666666666666742e+03 1.423643159837005166e-04
1.060000000000000000e+03 5.236437934052135180e-05
1.063333333333333485e+03 2.045374511795047508e-04
1.066666666666666742e+03 1.006642952910480533e-04
1.070000000000000000e+03 5.093115747625220983e-05
1.073333333333333485e+03 1.489390696859851740e-05
1.076666666666666742e+03 1.257485145052533325e-04
1.080000000000000000e+03 4.078721835188007562e-05
1.083333333333333485e+03 2.941607315412794190e-05
1.086666666666666742e+03 6.026087705127886784e-05
1.090000000000000000e+03 1.528949784429346553e-04
1.093333333333333485e+03 7.490853721645518090e-05
1.096666666666666742e+03 7.687665000417841211e-05
1.100000000000000000e+03 2.843395420514093354e-04
1.103333333333333485e+03 7.520238209944677147e-05
1.106666666666666742e+03 2.209592722773479965e-05
1.110000000000000000e+03 9.975675484624219210e-05
1.113333333333333485e+03 7.396003193832559059e-05
1.116666666666666742e+03 8.270347088891822826e-05
1.120000000000000000e+03 5.344407093046309393e-05
1.123333333333333485e+03 5.135462754351832661e-05
1.126666666666666742e+03 1.215075119822820777e-04
1.130000000000000000e+03 7.043253053575851950e-05
1.133333333333333485e+03 7.799516881396823084e-05
1.136666666666666742e+03 8.961778023786358188e-05
1.140000000000000000e+03 1.679084528996788932e-04
1.143333333333333485e+03 2.373737469276201019e-04
1.146666666666666742e+03 3.070986712775276568e-04
1.150000000000000000e+03 2.748774257657517484e-01
1.153333333333333485e+03 2.657539235520478549e-04
1.156666666666666742e+03 9.498532100409647246e-05
1.160000000000000000e+03 2.017490820531617936e-05
1.163333333333333485e+03 1.817278408651115894e-06
1.166666666666666742e+03 6.982048460018618389e-05
1.170000000000000000e+03 3.831648607253286770e-05
1.173333333333333485e+03 6.356931743492678791e-05
1.176666666666666742e+03 1.122175416945116340e-04
1.180000000000000000e+03 6.894634259310620085e-05
1.183333333333333485e+03 2.964720228320081246e-05
1.186666666666666742e+03 9.749704655293158590e-05
1.190000000000000000e+03 9.477090491211102581e-05
1.193333333333333485e+03 6.567390678114402077e-05
1.196666666666666742e+03 5.960592715402501172e-05
1.200000000000000000e+03 3.509799093017325583e-04
1.203333333333333485e+03 1.202364921969096862e-04
1.206666666666666742e+03 9.741228273046682754e-05
1.210000000000000000e+03 7.815899660384951434e-05
1.213333333333333485e+03 1.482143551298055820e-04
1.216666666666666742e+03 3.662738731152084777e-05
1.220000000000000000e+03 4.925996104354542779e-05
1.223333333333333485e+03 6.537254691669895125e-05
1.226666666666666742e+03 1.457994179701388373e-04
1.230000000000000000e+03 2.762669927796644674e-05
1.233333333333333485e+03 7.394226469995544056e-05
1.236666666666666742e+03 3.866162133891104855e-05
1.240000000000000000e+03 1.129521751448009506e-04
1.243333333333333485e+03 1.803515147900502501e-04
1.246666666666666742e+03 3.305977548011846822e-04
1.250000000000000000e+03 2.542787685470599968e-01
1.253333333333333485e+03 2.014817271676379437e-04
1.256666666666666742e+03 8.915140116184842400e-05
1.260000000000000000e+03 8.382288492578924698e-05
1.263333333333333485e+03 3.288590985654317667e-05
1.266666666666666742e+03 1.805475957661380334e-04
1.270000000000000000e+03 1.426377766676605334e-04
1.273333333333333485e+03 7.437228660559538863e-05
1.276666666666666742e+03 8.875589872645261958e-05
1.280000000000000000e+03 1.056734535216688443e-04
1.283333333333333485e+03 4.462016582907990205e-05
1.286666666666666742e+03 1.006861050128993683e-04
1.290000000000000000e+03 1.281624286284295403e-04
1.293333333333333485e+03 1.368104712894902756e-04
1.296666666666666742e+03 6.590564960147207382e-05
1.300000000000000000e+03 2.649058887672468767e-04
1.303333333333333485e+03 1.898389037925965700e-04
1.306666666666666742e+03 6.657400949428447161e-05
1.310000000000000000e+03 1.336529022756324911e-04
1.313333333333333485e+03 9.170870432072660223e-05
1.316666666666666742e+03 9.842254412588479862e-05
1.320000000000000000e+03 3.890231283658611861e-05
1.323333333333333485e+03 9.706793393430487589e-05
1.326666666666666742e+03 1.241328056869554623e-04
1.330000000000000000e+03 1.008459255650886706e-04
1.333333333333333485e+03 1.354382117690421485e-04
1.336666666666666742e+03 1.215997217588370762e-04
1.340000000000000000e+03 6.943460854546650008e-05
1.343333333333333485e+03 1.128468381468708195e-04
1.346666666666666742e+03 2.135849418827991922e-04
1.350000000000000000e+03 2.368641965891377654e-01
1.353333333333333485e+03 3.194655089661862591e-04
1.356666666666666742e+03 2.175089618939560524e-04
1.360000000000000000e+03 9.209612454075887075e-05
1.363333333333333485e+03 1.262513572353177649e-04
1.366666666666666742e+03 7.747052707297944754e-05
1.370000000000000000e+03 1.494616301010665493e-04
1.373333333333333485e+03 6.525550698116605781e-05
1.376666666666666742e+03 3.911592912504374739e-06
1.380000000000000000e+03 1.849459535248340137e-04
1.383333333333333485e+03 1.317121971123794263e-04
1.386666666666666742e+03 1.335206892079288826e-04
1.390000000000000000e+03 1.454431856788541652e-04
1.393333333333333485e+03 6.272103107366050197e-05
1.396666666666666742e+03 6.419611761399374628e-05
1.400000000000000000e+03 2.972493515539344818e-04
1.403333333333333485e+03 4.790137732765170945e-05
1.406666666666666742e+03 6.660883289347572904e-05
1.410000000000000000e+03 7.204633125267028034e-05
1.413333333333333485e+03 7.011934348254325437e-05
1.416666666666666742e+03 5.676367979359580283e-05
1.420000000000000000e+03 1.229102462162377741e-04
1.423333333333333485e+03 9.726607099082656646e-05
1.426666666666666742e+03 2.925312063482909407e-05
1.430000000000000000e+03 3.461361072320962300e-05
1.433333333333333485e+03 1.332872596164524405e-04
1.436666666666666742e+03 7.279234378608738368e-05
1.440000000000000000e+03 1.797605622621979010e-04
1.443333333333333485e+03 3.352972344675038147e-04
1.446666666666666742e+03 2.267069814682997199e-04
1.450000000000000000e+03 2.218163301993376357e-01
1.453333333333333485e+03 1.896177969979221376e-04
1.456666666666666742e+03 2.248769525338920874e-04
1.460000000000000000e+03 1.041141145361854401e-04
1.463333333333333485e+03 1.258357064430564278e-04
1.466666666666666742e+03 1.079872692975622175e-04
1.470000000000000000e+03 5.105863019003464853e-05
1.473333333333333485e+03 5.205424608806770242e-05
1.476666666666666742e+03 1.425237465640233066e-04
1.480000000000000000e+03 8.912351070978771306e-05
1.483333333333333485e+03 1.204612705985877647e-04
1.486666666666666742e+03 9.819318626536333559e-05
1.490000000000000000e+03 6.741276177462761485e-05
1.493333333333333485e+03 1.547066270116824623e-05
1.496666666666666742e+03 1.463498873157656943e-04
1.500000000000000000e+03 3.121217067232912729e-04
1.503333333333333485e+03 4.975364480295108044e-05
1.506666666666666742e+03 8.111927810184529767e-05
1.510000000000000000e+03 3.165260219632460664e-05
1.513333333333333485e+03 6.042843371673822198e-05
1.516666666666666742e+03 9.739334119240937535e-05
1.520000000000000000e+03 9.438532704894590688e-05
1.523333333333333485e+03 8.696999542938628534e-05
1.526666666666666742e+03 3.669868993078760378e-05
1.530000000000000000e+03 9.517131747411031520e-05
1.533333333333333485e+03 4.164694753791918757e-05
1.536666666666666742e+03 7.435031985019498624e-05
1.540000000000000000e+03 5.855148061838225988e-05
1.543333333333333485e+03 2.298775160923324659e-04
1.546666666666666742e+03 1.938676888826998998e-04
1.550000000000000000e+03 2.089620845647036373e-01
1.553333333333333485e+03 3.087079531124370347e-04
1.556666666666666742e+03 5.832314718891417081e-05
1.560000000000000000e+03 1.295924316356994205e-04
1.563333333333333485e+03 4.412756244976181341e-05
1.566666666666666742e+03 3.078876007173032408e-05
1.570000000000000000e+03 9.903559340890880612e-05
1.573333333333333485e+03 7.994886234600623580e-05
1.576666666666666742e+03 1.418521148222926615e-04
1.580000000000000000e+03 1.242289816210420097e-04
1.583333333333333485e+03 3.443840190947970069e-05
1.586666666666666742e+03 8.619963935295124353e-05
1.590000000000000000e+03 3.709709135232327614e-05
1.593333333333333485e+03 1.332546954719904578e-04
1.596666666666666742e+03 1.900301113918642334e-04
1.600000000000000000e+03 3.158803471476376670e-04
1.603333333333333485e+03 7.803576030424612322e-05
1.606666666666666742e+03 7.884241386955256306e-05
1.610000000000000000e+03 7.769046158670514762e-05
1.613333333333333485e+03 1.232407838351707804e-04
1.616666666666666742e+03 4.189960273218826963e-05
1.620000000000000000e+03 1.006879065018268025e-05
1.623333333333333485e+03 6.257677210581854914e-05
1.626666666666666742e+03 7.419570801885889077e-05
1.630000000000000000e+03 1.630141420643598774e-05
1.633333333333333485e+03 1.293736912465193439e-04
1.636666666666666742e+03 1.172010427302723148e-04
1.640000000000000000e+03 4.365282934322711761e-05
1.643333333333333485e+03 1.232900821356888146e-04
1.646666666666666742e+03 2.541509085324469451e-04
1.650000000000000000e+03 1.976137678704011080e-01
1.653333333333333485e+03 2.740994702672513344e-04
1.656666666666666742e+03 2.816987760306867991e-04
1.660000000000000000e+03 1.765596939268095295e-04
1.663333333333333485e+03 1.026557115565702018e-04
1.666666666666666742e+03 5.458172259915340348e-05
1.670000000000000000e+03 5.360209907381265694e-05
1.673333333333333485e+03 1.096918848933707270e-04
1.676666666666666742e+03 8.291033740432772069e-05
1.680000000000000000e+03 1.091944054352319893e-04
1.683333333333333485e+03 9.267256871222627490e-05
1.686666666666666742e+03 1.128052583236842631e-04
1.690000000000000000e+03 6.687231398202952352e-05
1.693333333333333485e+03 6.344218436457981620e-05
1.696666666666666742e+03 1.855632924505968054e-04
1.700000000000000000e+03 2.754475105374290175e-04
1.703333333333333485e+03 1.529917164578822788e-04
1.706666666666666742e+03 7.305958783150888524e-05
1.710000000000000000e+03 1.059827929833930774e-04
1.713333333333333485e+03 5.782675533523795814e-05
1.716666666666666742e+03 1.428001815436380242e-05
1.720000000000000000e+03 1.588699718577349265e-04
1.723333333333333485e+03 1.098484023369603475e-04
1.726666666666666742e+03 9.200079232034830102e-05
1.730000000000000000e+03 1.426705813983243827e-04
1.733333333333333485e+03 4.357464020335507089e-05
1.736666666666666742e+03 1.649050229639738969e-04
1.740000000000000000e+03 6.384642849772438882e-05
1.743333333333333485e+03 1.815340931839979396e-04
1.746666666666666742e+03 2.408539907041199434e-04
1.750000000000000000e+03 1.876288441824207343e-01
1.753333333333333485e+03 2.444697197010612050e-04
1.756666666666666742e+03 1.454700089660827063e-04
1.760000000000000000e+03 7.927280908803204169e-05
1.763333333333333485e+03 4.421958176934513918e-05
1.766666666666666742e+03 5.977947502749393470e-05
1.770000000000000000e+03 1.352179331211909147e-04
1.773333333333333485e+03 5.673584042095458781e-05
1.776666666666666742e+03 2.613980619184067355e-05
1.780000000000000000e+03 1.006943261450523393e-04
1.783333333333333485e+03 6.580096170974210904e-06
1.786666666666666742e+03 9.489765438841165929e-05
1.790000000000000000e+03 1.811833047781207266e-04
1.793333333333333485e+03 5.240988370739113752e-05
1.796666666666666742e+03 9.260204046008877604e-05
1.800000000000000000e+03 3.030308502516777434e-04
1.803333333333333485e+03 4.603954552921197732e-05
1.806666666666666742e+03 2.949059493354256220e-05
1.810000000000000000e+03 7.441227726008291265e-05
1.813333333333333485e+03 9.529616895210450776e-05
1.816666666666666742e+03 2.120085932861263565e-04
1.820000000000000000e+03 1.188419567948834982e-04
1.823333333333333485e+03 2.854421520169029606e-05
1.826666666666666742e+03 9.438188021782976597e-05
1.830000000000000000e+03 7.845094973527502583e-05
1.833333333333333485e+03 5.400040390415197751e-05
1.836666666666666742e+03 1.275549057631818976e-04
1.840000000000000000e+03 1.032548344210775396e-05
1.843333333333333485e+03 4.226611855980887345e-05
1.846666666666666742e+03 2.787215675861869297e-04
1.850000000000000000e+03 1.787622019530017148e-01
1.853333333333333485e+03 1.430777746697109193e-04
1.856666666666666742e+03 4.881467074673073779e-05
1.860000000000000000e+03 8.535202840338189259e-05
1.863333333333333485e+03 1.498425096824309373e-04
1.866666666666666742e+03 1.133100917403195352e-04
1.870000000000000000e+03 1.327010622240726713e-04
1.873333333333333485e+03 7.673457987098757235e-05
1.876666666666666742e+03 1.157187430022881627e-05
1.880000000000000000e+03 8.066589649097394581e-05
1.883333333333333485e+03 1.583022028863876522e-04
1.886666666666666742e+03 5.017769492405591231e-05
1.890000000000000000e+03 1.018667512026111597e-04
1.893333333333333485e+03 3.873215526196353148e-05
1.896666666666666742e+03 2.353644398246011152e-04
1.900000000000000000e+03 2.092043444080245315e-04
1.903333333333333485e+03 1.927561416147840904e-05
1.906666666666666742e+03 1.947302292755605468e-05
1.910000000000000000e+03 1.646280823013665580e-05
1.913333333333333485e+03 5.046823568054478759e-05
1.916666666666666742e+03 7.045133481248713595e-05
1.920000000000000000e+03 7.705809009920803533e-05
1.923333333333333485e+03 1.330723912221577808e-04
1.926666666666666742e+03 1.128137676114072366e-04
1.930000000000000000e+03 1.286010247340229056e-04
1.933333333333333485e+03 6.373983583217791881e-05
1.936666666666666742e+03 1.340476895189364535e-04
1.940000000000000000e+03 1.766412093273946496e-05
1.943333333333333485e+03 7.436045990433987117e-05
1.946666666666666742e+03 2.100951754627529834e-04
1.950000000000000000e+03 1.709506458335399992e-01
1.953333333333333485e+03 9.019774985064204565e-05
1.956666666666666742e+03 2.096002659198198002e-04
1.960000000000000000e+03 7.609890242850494502e-05
1.963333333333333485e+03 1.264168936918016507e-04
1.966666666666666742e+03 1.021778093588504013e-04
1.970000000000000000e+03 2.936538327215347515e-06
1.973333333333333485e+03 1.005067617426292904e-04
1.976666666666666742e+03 8.239434349128013516e-05
1.980000000000000000e+03 5.806875170233404600e-05
1.983333333333333485e+03 1.814204386777712539e-04
1.986666666666666742e+03 5.478461521840193461e-05
1.990000000000000000e+03 1.212163893212001557e-04
1.993333333333333485e+03 9.622088440990143052e-05
1.996666666666666742e+03 9.009575132739002976e-05
2.000000000000000000e+03 3.434689507292806063e-04
2.003333333333333485e+03 7.761545615244960187e-05
2.006666666666666742e+03 4.133135511319309098e-05
2.010000000000000000e+03 6.721656918563288590e-05
2.013333333333333485e+03 1.295955500839895708e-04
2.016666666666666742e+03 1.038668834012481334e-04
2.020000000000000000e+03 5.725185571275818438e-05
2.023333333333333485e+03 1.426057479145697345e-04
2.026666666666666742e+03 2.858299596629914721e-05
2.030000000000000000e+03 4.267751049394811694e-05
2.033333333333333485e+03 7.849926304525752722e-05
2.036666666666666742e+03 1.455994469676052613e-04
2.040000000000000000e+03 1.467731476282515819e-04
2.043333333333333485e+03 1.743992502137868864e-04
2.046666666666666742e+03 1.889495652634960818e-04
2.050000000000000000e+03 1.638967901076166800e-01
2.053333333333333485e+03 2.760437112163642982e-04
2.056666666666666970e+03 1.453946445199006364e-04
2.060000000000000000e+03 3.716596441151942873e-05
2.063333333333333485e+03 1.389469598743087067e-04
2.066666666666666970e+03 2.961618072759880947e-05
2.070000000000000000e+03 2.761855979767284560e-05
2.073333333333333485e+03 3.169673226194299939e-05
2.076666666666666970e+03 1.010646216098233410e-04
2.080000000000000000e+03 1.020708086836120623e-04
2.083333333333333485e+03 1.103675288223957674e-04
2.086666666666666970e+03 5.329105218768788888e-05
2.090000000000000000e+03 5.944591418143553926e-05
2.093333333333333485e+03 5.364061491258713198e-05
2.096666666666666970e+03 1.380303470269810765e-04
2.100000000000000000e+03 2.599170400222104520e-04
2.103333333333333485e+03 7.353550137263825074e-05
2.106666666666666970e+03 8.634154109037650332e-05
2.110000000000000000e+03 1.505741645821476798e-05
2.113333333333333485e+03 4.900836572084414124e-05
2.116666666666666970e+03 9.192552941243405584e-05
2.120000000000000000e+03 7.907484521559127806e-05
2.123333333333333485e+03 1.050479436695413388e-04
2.126666666666666970e+03 1.046668484559439612e-04
2.130000000000000000e+03 6.553362523325249802e-05
2.133333333333333485e+03 5.410531929057284039e-05
2.136666666666666970e+03 8.824782348914900643e-05
2.140000000000000000e+03 1.163923629150028383e-04
2.143333333333333485e+03 8.622862908403113925e-05
2.146666666666666970e+03 1.325645442302043865e-04
2.150000000000000000e+03 1.575392252340079291e-01
2.153333333333333485e+03 3.100330123502584886e-04
2.156666666666666970e+03 1.667336159192310541e-04
2.160000000000000000e+03 1.270808940417069962e-04
2.163333333333333485e+03 9.167445879733352929e-05
2.166666666666666970e+03 2.688950989086486457e-05
2.170000000000000000e+03 6.267683626353008435e-05
2.173333333333333485e+03 1.252816967668790929e-04
2.176666666666666970e+03 4.779906086395655548e-05
2.180000000000000000e+03 4.712480481971748737e-05
2.183333333333333485e+03 5.786780218869033867e-05
2.186666666666666970e+03 8.438785647703277268e-05
2.190000000000000000e+03 6.011833573114672320e-05
2.193333333333333485e+03 1.769622291596689332e-04
2.196666666666666970e+03 2.113432606158867331e-05
2.200000000000000000e+03 1.965634863002929710e-04
2.203333333333333485e+03 5.862983126226682207e-05
2.206666666666666970e+03 3.569252757414009196e-05
2.210000000000000000e+03 1.322356990945736501e-04
2.213333333333333485e+03 1.080600722702932710e-04
2.216666666666666970e+03 2.441195480223823348e-05
2.220000000000000000e+03 6.201001761171800325e-05
2.223333333333333485e+03 9.713762729920906620e-05
2.226666666666666970e+03 6.646827536518153156e-05
2.230000000000000000e+03 1.629911773046834934e-04
2.233333333333333485e+03 1.377358362449451659e-04
2.236666666666666970e+03 3.010884613665588906e-05
2.240000000000000000e+03 1.126799627574217959e-04
2.243333333333333485e+03 1.646384009975521579e-04
2.246666666666666970e+03 2.752386133881453128e-04
2.250000000000000000e+03 1.518576255384394558e-01
2.253333333333333485e+03 2.750895112983736028e-04
2.256666666666666970e+03 9.906710292170050518e-05
2.260000000000000000e+03 8.316138488486586621e-05
2.263333333333333485e+03 9.318792645420087280e-05
2.266666666666666970e+03 5.887419517149010672e-05
2.270000000000000000e+03 3.161643434969105119e-05
2.273333333333333485e+03 7.901280965713510082e-05
2.276666666666666970e+03 1.561394931868551690e-04
2.280000000000000000e+03 8.950262294765175329e-05
2.283333333333333485e+03 4.105064963325062390e-05
2.286666666666666970e+03 3.469672498613946227e-05
2.290000000000000000e+03 5.841756185753638062e-05
2.293333333333333485e+03 6.854983010891647108e-05
2.296666666666666970e+03 5.652856238347678123e-05
2.300000000000000000e+03 1.455836517695846110e-04
2.303333333333333485e+03 1.475307663598176926e-04
2.306666666666666970e+03 7.185559812349841149e-05
2.310000000000000000e+03 4.711221549174364297e-05
2.313333333333333485e+03 2.713561892711425163e-05
2.316666666666666970e+03 2.993639560283058032e-05
2.320000000000000000e+03 1.401154951954545840e-04
2.323333333333333485e+03 1.144144073189738302e-04
2.326666666666666970e+03 7.765733754653548722e-05
2.330000000000000000e+03 1.247079563582678577e-04
2.333333333333333485e+03 1.242449238766185713e-04
2.336666666666666970e+03 4.416758563267347165e-05
2.340000000000000000e+03 1.375337428994696830e-04
2.343333333333333485e+03 9.614294940858509003e-05
2.346666666666666970e+03 2.276795958888747291e-04
2.350000000000000000e+03 1.465912299714164369e-01
2.353333333333333485e+03 2.753649147294379759e-04
2.356666666666666970e+03 2.167128729961667383e-04
2.360000000000000000e+03 7.234141364246154157e-05
2.363333333333333485e+03 1.158188063468404351e-04
2.366666666666666970e+03 9.317062652773117548e-05
2.370000000000000000e+03 8.312138910425258135e-05
2.373333333333333485e+03 1.420982000767846557e-04
2.376666666666666970e+03 9.058344703370272203e-05
2.380000000000000000e+03 8.835543099633747280e-05
2.383333333333333485e+03 2.992320701441905293e-05
2.386666666666666970e+03 1.003247800394619613e-04
2.390000000000000000e+03 1.629880354682218980e-04
2.393333333333333485e+03 8.675585240118699373e-05
2.396666666666666970e+03 8.431962137336797844e-05
2.400000000000000000e+03 2.260433786681773983e-04
2.403333333333333485e+03 8.157120976064745918e-05
2.406666666666666970e+03 1.637798346781553602e-05
2.410000000000000000e+03 2.967782569217614503e-05
2.413333333333333485e+03 6.810585556502809785e-05
2.416666666666666970e+03 6.403712770906323792e-05
2.420000000000000000e+03 1.772490334559620370e-05
2.423333333333333485e+03 1.515775502969438256e-04
2.426666666666666970e+03 1.432327368902332947e-04
2.430000000000000000e+03 1.510557839711959137e-04
2.433333333333333485e+03 1.552258413636646030e-04
2.436666666666666970e+03 5.629538138502147344e-05
2.440000000000000000e+03 4.016356870885171438e-05
2.443333333333333485e+03 7.402626819665735934e-05
2.446666666666666970e+03 2.151154336596825618e-04
2.450000000000000000e+03 1.419854485662555565e-01
2.453333333333333485e+03 2.660601158560115084e-04
2.456666666666666970e+03 2.193739204994564723e-04
2.460000000000000000e+03 1.399002596395176889e-04
2.463333333333333485e+03 7.487798533865144574e-05
2.466666666666666970e+03 1.849543035206174173e-04
2.470000000000000000e+03 1.290993090821621861e-04
2.473333333333333485e+03 1.075018634105703072e-04
2.476666666666666970e+03 1.067917443978475770e-04
2.480000000000000000e+03 2.206176384531775250e-04
2.483333333333333485e+03 1.607726000878018492e-04
2.486666666666666970e+03 9.328514953131447239e-04
2.490000000000000000e+03 2.389447828457502416e-04
2.493333333333333485e+03 2.965910421400831643e-04
2.496666666666666970e+03 1.086309023861759774e-04
2.500000000000000000e+03 2.460021479523638414e-04
2.503333333333333485e+03 1.114774873456326164e-04
2.506666666666666970e+03 6.921948898170422401e-05
2.510000000000000000e+03 3.559953917389912712e-05
2.513333333333333485e+03 1.264838816901038630e-04
2.516666666666666970e+03 1.007398180848885949e-04
2.520000000000000000e+03 1.284147288245038212e-04
2.523333333333333485e+03 9.231465166004292782e-05
2.526666666666666970e+03 9.753882793953590007e-05
2.530000000000000000e+03 3.730324183205082944e-05
2.533333333333333485e+03 4.882418058563329881e-05
2.536666666666666970e+03 2.100492968654323501e-04
2.540000000000000000e+03 1.313229555187159496e-04
2.543333333333333485e+03 9.156237014365815733e-05
2.546666666666666970e+03 3.714193483403710363e-04
2.550000000000000000e+03 1.376146688303431509e-01
2.553333333333333485e+03 2.113390261540232598e-04
2.556666666666666970e+03 6.668030576871043259e-05
2.560000000000000000e+03 1.253216013196133940e-04
2.563333333333333485e+03 6.831796018474458013e-06
2.566666666666666970e+03 1.478460532491681029e-04
2.570000000000000000e+03 2.339138941407319225e-05
2.573333333333333485e+03 7.142646079747441343e-05
2.576666666666666970e+03 7.639992035939744308e-05
2.580000000000000000e+03 1.928586683993973694e-04
2.583333333333333485e+03 3.514865151851528143e-05
2.586666666666666970e+03 5.975220954184416240e-05
2.590000000000000000e+03 9.599513395566846208e-05
2.593333333333333485e+03 7.406303236114020140e-05
2.596666666666666970e+03 7.753872504370168763e-05
2.600000000000000000e+03 3.514416630916764278e-04
2.603333333333333485e+03 4.962621024748702504e-05
2.606666666666666970e+03 2.799441958034130630e-05
2.610000000000000000e+03 1.036049440255197492e-04
2.613333333333333485e+03 4.657226618661989979e-05
2.616666666666666970e+03 1.005697727660976318e-04
2.620000000000000000e+03 2.596040616443028045e-05
2.623333333333333485e+03 7.068614585663322934e-05
2.626666666666666970e+03 7.108937574309278791e-06
2.630000000000000000e+03 3.840341453544596592e-05
2.633333333333333485e+03 2.512524981933445350e-05
2.636666666666666970e+03 1.750002866041447933e-04
2.640000000000000000e+03 1.270702235023533314e-04
2.643333333333333485e+03 4.205101973119392727e-05
2.646666666666666970e+03 1.109342269179347924e-04
2.650000000000000000e+03 1.337255780099844416e-01
2.653333333333333485e+03 2.480163139434347712e-04
2.656666666666666970e+03 6.801618233596324356e-05
2.660000000000000000e+03 1.383720109010902748e-04
2.663333333333333485e+03 8.076947416872937169e-05
2.666666666666666970e+03 1.132834742630066128e-04
2.670000000000000000e+03 6.194927097345237531e-05
2.673333333333333485e+03 5.268367847797315515e-05
2.676666666666666970e+03 4.795874954818523528e-05
2.680000000000000000e+03 1.236901956943910067e-04
2.683333333333333485e+03 1.286177214871426589e-04
2.686666666666666970e+03 5.145547575288390076e-05
2.690000000000000000e+03 1.356158224551472355e-04
2.693333333333333485e+03 3.108339692277262454e-05
2.696666666666666970e+03 5.675158492556079933e-05
2.700000000000000000e+03 2.417176424177646722e-04
2.703333333333333485e+03 8.750489462788111565e-05
2.706666666666666970e+03 4.476109792819960758e-05
2.710000000000000000e+03 8.124164987764708856e-05
2.713333333333333485e+03 7.533989302201498360e-05
2.716666666666666970e+03 1.034271648585548107e-04
2.720000000000000000e+03 1.113982659360508427e-04
2.723333333333333485e+03 3.243050078641906687e-05
2.726666666666666970e+03 1.143051849854642135e-04
2.730000000000000000e+03 3.100079974717971643e-05
2.733333333333333485e+03 2.814717565618271458e-05
2.736666666666666970e+03 3.261424929378682944e-05
2.740000000000000000e+03 5.886026338145666808e-05
2.743333333333333485e+03 1.437180251232607396e-04
2.746666666666666970e+03 1.991491741347696737e-04
2.750000000000000000e+03 1.301970749678371120e-01
2.753333333333333485e+03 1.624202562691521190e-04
2.756666666666666970e+03 1.031234121686502658e-04
2.760000000000000000e+03 1.000296230582184767e-04
2.763333333333333485e+03 7.768379105740559653e-05
2.766666666666666970e+03 3.947893249102947858e-05
2.770000000000000000e+03 1.146794176823591628e-04
2.773333333333333485e+03 1.709003142069538515e-05
2.776666666666666970e+03 1.052553436649966148e-04
2.780000000000000000e+03 1.078457091941865666e-04
2.783333333333333485e+03 9.366593834714444363e-05
2.786666666666666970e+03 9.838113909791244729e-05
2.790000000000000000e+03 9.296180603375724246e-05
2.793333333333333485e+03 7.984765361184931903e-05
2.796666666666666970e+03 9.861350228017658366e-05
2.800000000000000000e+03 1.746260794515638360e-04
2.803333333333333485e+03 7.731421186820746575e-05
2.806666666666666970e+03 1.968613984222626344e-05
2.810000000000000000e+03 3.486168434059117038e-05
2.813333333333333485e+03 7.183458216145281023e-05
2.816666666666666970e+03 5.947956249005732359e-05
2.820000000000000000e+03 3.212107715592717503e-05
2.823333333333333485e+03 3.898219712944079609e-05
2.826666666666666970e+03 1.314733228910015574e-05
2.830000000000000000e+03 1.053276681611190602e-04
2.833333333333333485e+03 1.254497053391724832e-04
2.836666666666666970e+03 9.489044064612036234e-05
2.840000000000000000e+03 1.336963124883994570e-04
2.843333333333333485e+03 4.486749160582491884e-05
2.846666666666666970e+03 2.603061449299090275e-04
2.850000000000000000e+03 1.269032574719241302e-01
2.853333333333333485e+03 2.445973511392554654e-04
2.856666666666666970e+03 1.822305138186070417e-04
2.860000000000000000e+03 8.052691811666287680e-05
2.863333333333333485e+03 1.273253357882336086e-04
2.866666666666666970e+03 1.059463501946373724e-04
2.870000000000000000e+03 6.822821588497317194e-05
2.873333333333333485e+03 7.627329408332567757e-05
2.876666666666666970e+03 9.179785531087010508e-05
2.880000000000000000e+03 6.747185319442650445e-05
2.883333333333333485e+03 1.653949179479025002e-04
2.886666666666666970e+03 4.060090085162614215e-05
2.890000000000000000e+03 7.777601520129173165e-05
2.893333333333333485e+03 2.553012513830236034e-05
2.896666666666666970e+03 7.964293698064821498e-05
2.900000000000000000e+03 2.081551190215958171e-04
2.903333333333333485e+03 5.915719886339680851e-05
2.906666666666666970e+03 3.913857650114271251e-05
2.910000000000000000e+03 8.134588243029280562e-05
2.913333333333333485e+03 4.179903523394829759e-05
2.916666666666666970e+03 2.908286865968151569e-05
2.920000000000000000e+03 5.696513997174290351e-05
2.923333333333333485e+03 1.154987932315290297e-04
2.926666666666666970e+03 9.930935893016451478e-05
2.930000000000000000e+03 1.112048216941452082e-04
2.933333333333333485e+03 4.028477587346471461e-05
2.936666666666666970e+03 1.261974994576628754e-04
2.940000000000000000e+03 6.321477232848361891e-05
2.943333333333333485e+03 1.276194274901254781e-04
2.946666666666666970e+03 1.355176152946253735e-04
2.950000000000000000e+03 1.239191873958815776e-01
2.953333333333333485e+03 2.741733389558605096e-04
2.956666666666666970e+03 1.235456897816982012e-04
2.960000000000000000e+03 1.562222083372800409e-04
2.963333333333333485e+03 9.830374755693036372e-05
2.966666666666666970e+03 1.637915071055224409e-04
2.970000000000000000e+03 1.546120738663476254e-04
2.973333333333333485e+03 5.046783140462781134e-05
2.976666666666666970e+03 9.451164013312339204e-05
2.980000000000000000e+03 2.639310255959382626e-05
2.983333333333333485e+03 8.492478235051790830e-05
2.986666666666666970e+03 4.641781487828453918e-05
2.990000000000000000e+03 2.835848036600742062e-05
2.993333333333333485e+03 9.507411244013343503e-05
2.996666666666666970e+03 6.107138163561885735e-05
3.000000000000000000e+03 7.943929197189164701e-05
3.003333333333333485e+03 7.210597602126139923e-05
3.006666666666666970e+03 1.402702305074246005e-04
3.010000000000000000e+03 5.684516814345544637e-05
3.013333333333333485e+03 1.617373289659593654e-05
3.016666666666666970e+03 5.010826133235029987e-05
3.020000000000000000e+03 4.400187333341365637e-06
3.023333333333333485e+03 8.032692204674147878e-05
3.026666666666666970e+03 1.537975792196002664e-04
3.030000000000000000e+03 9.909184987134524538e-05
3.033333333333333485e+03 4.594657636009404739e-05
3.036666666666666970e+03 6.715150892923510710e-05
3.040000000000000000e+03 1.333639895369466899e-04
3.043333333333333485e+03 1.254538044788338432e-04
3.046666666666666970e+03 2.199771033576417522e-04
3.050000000000000000e+03 1.211524012889922258e-01
3.053333333333333485e+03 2.283634316550249652e-04
3.056666666666666970e+03 1.027575891383506314e-04
3.060000000000000000e+03 1.551476083390503145e-04
3.063333333333333485e+03 5.930019835671631093e-05
3.066666666666666970e+03 1.111155101003085733e-04
3.070000000000000000e+03 3.276858102948937548e-05
3.073333333333333485e+03 9.018359254950806048e-06
3.076666666666666970e+03 6.815865520994170222e-05
3.080000000000000000e+03 8.515671157837597098e-05
3.083333333333333485e+03 1.123887111827540401e-04
3.086666666666666970e+03 1.643988337778931976e-04
3.090000000000000000e+03 3.216084675446526802e-05
3.093333333333333485e+03 5.371360751135002197e-05
3.096666666666666970e+03 4.412316097910591096e-05
3.100000000000000000e+03 1.732950750093218740e-04
3.103333333333333485e+03 6.122267271468745354e-05
3.106666666666666970e+03 9.503568026502368766e-05
3.110000000000000000e+03 6.400456289909999116e-05
3.113333333333333485e+03 9.141238114669895801e-05
3.116666666666666970e+03 9.590171772631132829e-05
3.120000000000000000e+03 1.356894454655777364e-04
3.123333333333333485e+03 9.920299553985021312e-05
3.126666666666666970e+03 2.487597312608724403e-05
3.130000000000000000e+03 3.898155425317001687e-05
3.133333333333333485e+03 1.524935957894372270e-04
3.136666666666666970e+03 2.055054295238547212e-04
3.140000000000000000e+03 5.871731310264292734e-05
3.143333333333333485e+03 1.174334898812867526e-04
3.146666666666666970e+03 1.182664399551538602e-04
3.150000000000000000e+03 1.185963990011499464e-01
3.153333333333333485e+03 1.778500266294208497e-04
3.156666666666666970e+03 1.764219167128718013e-04
3.160000000000000000e+03 8.820477066759070889e-05
3.163333333333333485e+03 1.340254713854067200e-04
3.166666666666666970e+03 1.188723551122152915e-04
3.170000000000000000e+03 5.239404046047663047e-05
3.173333333333333485e+03 1.754217487648416466e-04
3.176666666666666970e+03 1.640990192548169135e-04
3.180000000000000000e+03 3.441582815364209333e-05
3.183333333333333485e+03 1.731573077479431119e-05
3.186666666666666970e+03 7.786853239422167903e-05
3.190000000000000000e+03 1.757225043139835137e-04
3.193333333333333485e+03 3.821405237374635513e-05
3.196666666666666970e+03 1.796521786739653940e-05
3.200000000000000000e+03 2.405702169792565113e-04
3.203333333333333485e+03 5.265368315145437720e-05
3.206666666666666970e+03 9.315063804813392741e-05
3.210000000000000000e+03 5.252535445031765091e-05
3.213333333333333485e+03 2.171894127655347886e-04
3.216666666666666970e+03 5.991429334313838406e-05
3.220000000000000000e+03 2.058493700896265680e-05
3.223333333333333485e+03 1.029982666391317866e-04
3.226666666666666970e+03 7.942601423470147925e-05
3.230000000000000000e+03 6.000405584192296070e-05
3.233333333333333485e+03 1.120246090427138380e-05
3.236666666666666970e+03 7.528865709458478655e-05
3.240000000000000000e+03 1.263201282621815257e-04
3.243333333333333485e+03 2.010193287339333658e-04
3.246666666666666970e+03 1.878466939152704900e-04
3.250000000000000000e+03 1.163768168872676145e-01
3.253333333333333485e+03 1.638365908705799706e-04
3.256666666666666970e+03 1.560999519409245629e-04
3.260000000000000000e+03 1.012207358232552150e-04
3.263333333333333485e+03 1.441809352125242760e-04
3.266666666666666970e+03 7.163591219329437123e-05
3.270000000000000000e+03 6.708777548923309446e-05
3.273333333333333485e+03 1.419661001559898274e-04
3.276666666666666970e+03 8.124428280477033470e-05
3.280000000000000000e+03 1.258764313075339035e-04
3.283333333333333485e+03 3.379774589331459007e-05
3.286666666666666970e+03 4.277855799064741706e-05
3.290000000000000000e+03 5.717387047125737439e-05
3.293333333333333485e+03 6.054511283539769974e-05
3.296666666666666970e+03 4.742484677843459439e-05
3.300000000000000000e+03 2.086707329480887705e-04
3.303333333333333485e+03 6.024810558165189081e-05
3.306666666666666970e+03 6.412285625212610786e-05
3.310000000000000000e+03 1.017282901630961456e-04
3.313333333333333485e+03 6.723249135973674855e-05
3.316666666666666970e+03 9.300190651035224274e-05
3.320000000000000000e+03 3.790898491063222160e-05
3.323333333333333485e+03 9.072561083068495208e-05
3.326666666666666970e+03 8.852616628857526166e-05
3.330000000000000000e+03 8.145442773179361110e-05
3.333333333333333485e+03 7.212781355396696045e-05
3.336666666666666970e+03 5.240946575914256350e-05
3.340000000000000000e+03 8.529783004200026811e-05
3.343333333333333485e+03 1.259542445119744500e-04
3.346666666666666970e+03 1.651416080230032259e-04
3.350000000000000000e+03 1.142091390152502883e-01
3.353333333333333485e+03 2.457218657684893037e-04
3.356666666666666970e+03 6.095023246374224330e-05
3.360000000000000000e+03 3.366776989030378627e-05
3.363333333333333485e+03 7.594642518019772504e-05
3.366666666666666970e+03 8.653884831712730947e-05
3.370000000000000000e+03 4.730533577398706032e-05
3.373333333333333485e+03 9.204221628788827219e-05
3.376666666666666970e+03 7.477303668555709576e-05
3.380000000000000000e+03 2.430722993576859582e-05
3.383333333333333485e+03 6.813383276579571370e-05
3.386666666666666970e+03 7.950730355826787397e-05
3.390000000000000000e+03 2.039719839287263390e-05
3.393333333333333485e+03 5.436603187561706919e-05
3.396666666666666970e+03 1.704825766376749316e-04
3.400000000000000000e+03 2.259888082965766625e-04
3.403333333333333485e+03 3.043043701225525260e-05
3.406666666666666970e+03 8.050232883176667588e-05
3.410000000000000000e+03 1.526417153615113650e-05
3.413333333333333485e+03 4.688446014468614163e-05
3.416666666666666970e+03 5.665743873956420005e-05
3.420000000000000000e+03 5.776670915031543752e-05
3.423333333333333485e+03 1.218428816046353128e-04
3.426666666666666970e+03 8.267105620431414701e-05
3.430000000000000000e+03 3.750607434419502175e-05
3.433333333333333485e+03 2.727506438921345597e-05
3.436666666666666970e+03 4.938614679776990798e-05
3.440000000000000000e+03 2.626906250791361845e-05
3.443333333333333485e+03 1.423319521229197211e-04
3.446666666666666970e+03 2.474309421840946129e-04
3.450000000000000000e+03 1.123166204056851719e-01
3.453333333333333485e+03 2.608469113114472737e-04
3.456666666666666970e+03 1.375197517518385228e-04
3.460000000000000000e+03 7.910335226986837747e-05
3.463333333333333485e+03 1.410901721686016064e-04
3.466666666666666970e+03 6.483250200533552680e-05
3.470000000000000000e+03 7.316280092466692219e-05
3.473333333333333485e+03 1.295836922164084702e-04
3.476666666666666970e+03 7.746203989245148208e-05
3.480000000000000000e+03 8.454717122956079231e-05
3.483333333333333485e+03 8.474852055533465959e-05
3.486666666666666970e+03 8.304661933803253709e-05
3.490000000000000000e+03 1.181237257962844086e-04
3.493333333333333485e+03 7.250876034262218779e-05
3.496666666666666970e+03 1.069275161959007631e-04
3.500000000000000000e+03 2.031783673682424738e-04
3.503333333333333485e+03 1.113413392295002608e-05
3.506666666666666970e+03 5.603858559615175760e-05
3.510000000000000000e+03 2.625800622357959608e-05
3.513333333333333485e+03 9.521362488205671430e-05
3.516666666666666970e+03 5.931127347856562118e-05
3.520000000000000000e+03 1.264412255142475394e-05
3.523333333333333485e+03 8.405339487255738477e-05
3.526666666666666970e+03 7.179745725037745788e-05
3.530000000000000000e+03 4.492856806873452771e-06
3.533333333333333485e+03 1.023106210568980627e-04
3.536666666666666970e+03 8.190588710337336697e-05
3.540000000000000000e+03 4.210338581949093210e-05
3.543333333333333485e+03 1.507399190465494158e-04
3.546666666666666970e+03 1.933876661808670049e-04
3.550000000000000000e+03 1.106726014737484665e-01
3.553333333333333485e+03 1.278551943843816800e-04
3.556666666666666970e+03 4.505169772838250267e-05
3.560000000000000000e+03 5.774161304225414214e-05
3.563333333333333485e+03 1.354593742986323905e-04
3.566666666666666970e+03 1.101930934629479999e-04
3.570000000000000000e+03 1.321283788851574531e-04
3.573333333333333485e+03 7.596897515902056505e-05
3.576666666666666970e+03 6.899879269043673392e-05
3.580000000000000000e+03 9.595035325979050741e-05
3.583333333333333485e+03 3.525194695189292872e-05
3.586666666666666970e+03 2.919360869228888406e-05
3.590000000000000000e+03 1.042227989499157668e-04
3.593333333333333485e+03 1.473133670274600639e-04
3.596666666666666970e+03 8.438122487359938696e-05
3.600000000000000000e+03 2.292463836658194720e-04
3.603333333333333485e+03 7.376116972241040224e-05
3.606666666666666970e+03 6.854876142857472740e-05
3.610000000000000000e+03 1.266233820881279256e-04
3.613333333333333485e+03 4.153036418517416149e-05
3.616666666666666970e+03 9.676639175887500265e-05
3.620000000000000000e+03 8.145319854201870302e-05
3.623333333333333485e+03 5.718531483986061899e-05
3.626666666666666970e+03 1.613018813109293856e-05
3.630000000000000000e+03 3.349512786821788948e-05
3.633333333333333485e+03 5.852627546987817890e-05
3.636666666666666970e+03 3.574760567785440965e-05
3.640000000000000000e+03 9.874464253534910683e-05
3.643333333333333485e+03 4.168995985631902042e-05
3.646666666666666970e+03 2.580236545389682384e-04
3.650000000000000000e+03 1.090235153642038490e-01
3.653333333333333485e+03 1.774696423385140076e-04
3.656666666666666970e+03 1.320653389562624212e-04
3.660000000000000000e+03 1.929055307945051615e-04
3.663333333333333485e+03 6.237131501217193597e-05
3.666666666666666970e+03 9.047384820894988110e-05
3.670000000000000000e+03 1.338304136629007112e-04
3.673333333333333485e+03 2.911500745897424594e-05
3.676666666666666970e+03 4.319553576670898815e-05
3.680000000000000000e+03 9.282355666994346040e-05
3.683333333333333485e+03 5.618934131948499804e-05
3.686666666666666970e+03 9.354371042574249407e-05
3.690000000000000000e+03 5.784181370333374130e-05
3.693333333333333485e+03 5.582585565376502006e-05
3.696666666666666970e+03 3.933745010877703218e-05
3.700000000000000000e+03 1.798131220326491440e-04
3.703333333333333485e+03 1.525466801347380455e-05
3.706666666666666970e+03 1.178676795283035284e-04
3.710000000000000000e+03 5.179070827103066213e-05
3.713333333333333485e+03 3.055115273615183013e-05
3.716666666666666970e+03 1.365461919462486126e-04
3.720000000000000000e+03 9.639730564605180859e-05
3.723333333333333485e+03 1.209425702779272252e-04
3.726666666666666970e+03 2.714155778657236247e-05
3.730000000000000000e+03 1.378288395412961449e-05
3.733333333333333485e+03 3.683612179058949263e-05
3.736666666666666970e+03 7.788847369346304573e-05
3.740000000000000000e+03 7.101733245126335130e-05
3.743333333333333485e+03 6.774515245496030022e-05
3.746666666666666970e+03 2.054290014513230310e-04
3.750000000000000000e+03 1.075032463084459461e-01
3.753333333333333485e+03 2.279519552750216562e-04
3.756666666666666970e+03 1.644625152945428060e-04
3.760000000000000000e+03 2.523340221162666226e-05
3.763333333333333485e+03 1.313152939500646869e-04
3.766666666666666970e+03 3.650967219796834784e-05
3.770000000000000000e+03 2.638093415668444237e-05
3.773333333333333485e+03 8.349482006542164030e-05
3.776666666666666970e+03 1.088419355446834674e-04
3.780000000000000000e+03 1.126646173530761077e-04
3.783333333333333485e+03 5.280832075317813435e-05
3.786666666666666970e+03 1.836218868449590239e-05
3.790000000000000000e+03 6.311384083009183581e-05
3.793333333333333485e+03 7.589153857183234995e-05
3.796666666666666970e+03 1.085554579415578906e-04
3.800000000000000000e+03 1.834172878880981083e-04
3.803333333333333485e+03 7.560443864255900540e-05
3.806666666666666970e+03 7.988581571116164693e-05
3.810000000000000000e+03 5.408587930010821086e-05
3.813333333333333485e+03 4.284190432119652482e-05
3.816666666666666970e+03 8.665435151706046900e-05
3.820000000000000000e+03 5.813358909041359626e-05
3.823333333333333485e+03 8.178853013007802986e-05
3.826666666666666970e+03 1.090132711580088016e-05
3.830000000000000000e+03 7.393036753573039817e-05
3.833333333333333485e+03 1.372293721588003286e-04
3.836666666666666970e+03 5.305821995315442377e-05
3.840000000000000000e+03 1.264757376646515043e-05
3.843333333333333485e+03 7.469868532402987478e-05
3.846666666666666970e+03 2.277259813312650474e-04
3.850000000000000000e+03 1.061566149076718785e-01
3.853333333333333485e+03 1.215936109425623681e-04
3.856666666666666970e+03 4.932021224170314393e-05
3.860000000000000000e+03 2.032745372461172825e-04
3.863333333333333485e+03 1.603290020411390839e-04
3.866666666666666970e+03 8.320150614380330688e-05
3.870000000000000000e+03 5.091495046426128539e-05
3.873333333333333485e+03 3.235673799354189421e-05
3.876666666666666970e+03 1.038662731612821795e-04
3.880000000000000000e+03 1.831325603634255503e-04
3.883333333333333485e+03 7.873422673709389854e-05
3.886666666666666970e+03 1.453739060740141494e-04
3.890000000000000000e+03 1.098058305192084829e-04
3.893333333333333485e+03 4.233393092899398306e-05
3.896666666666666970e+03 1.639937670062084448e-05
3.900000000000000000e+03 2.255673292815177193e-04
3.903333333333333485e+03 3.671124259225481170e-05
3.906666666666666970e+03 5.864477958171300948e-05
3.910000000000000000e+03 9.547121823151169995e-05
3.913333333333333485e+03 2.744111589927777166e-05
3.916666666666666970e+03 5.846115983963467327e-05
3.920000000000000000e+03 2.868764533984999399e-05
3.923333333333333485e+03 1.156189059163535194e-04
3.926666666666666970e+03 8.221213889569075738e-05
3.930000000000000000e+03 1.213090676724706954e-04
3.933333333333333485e+03 1.351271403002146349e-05
3.936666666666666970e+03 1.094021123713924718e-04
3.940000000000000000e+03 1.354968449556395054e-04
3.943333333333333485e+03 6.411623563027937453e-05
3.946666666666666970e+03 2.960114072888110170e-04
3.950000000000000000e+03 1.050313016437704194e-01
3.953333333333333485e+03 1.852765437295856405e-04
3.956666666666666970e+03 1.118871046911394733e-04
3.960000000000000000e+03 9.652641914392406735e-05
3.963333333333333485e+03 3.563953277899802502e-05
3.966666666666666970e+03 3.819808100157743701e-05
3.970000000000000000e+03 1.673110221561787314e-04
3.973333333333333485e+03 6.126888802681549034e-05
3.976666666666666970e+03 7.677803708351146211e-05
3.980000000000000000e+03 9.095703861855776375e-05
3.983333333333333485e+03 6.269066567474354242e-05
3.986666666666666970e+03 1.435169156580635042e-04
3.990000000000000000e+03 1.098146130530249599e-04
3.993333333333333485e+03 6.125584339417689374e-05
3.996666666666666970e+03 9.393215708815493773e-05
4.000000000000000000e+03 1.335958563593473369e-04
4.003333333333333485e+03 1.665827302943890880e-04
4.006666666666666970e+03 4.490892600235863851e-05
4.010000000000000000e+03 1.521255069110482910e-04
4.013333333333333485e+03 4.668515968011584119e-05
4.016666666666666970e+03 9.186604871203907262e-05
4.020000000000000000e+03 4.433662727928740883e-05
4.023333333333333485e+03 1.473344871691998335e-04
4.026666666666666970e+03 8.973691291052032738e-05
4.030000000000000000e+03 1.735091599964236299e-05
4.033333333333333485e+03 4.348397232436653306e-05
4.036666666666666970e+03 5.588622458563437777e-05
4.040000000000000000e+03 7.978176095833696573e-05
4.043333333333333485e+03 1.626449114270797874e-04
4.046666666666666970e+03 8.174617720733517697e-05
4.050000000000000000e+03 1.040336581892103707e-01
4.053333333333333485e+03 7.179695131113162363e-05
4.056666666666666970e+03 6.923063261317282399e-05
4.060000000000000000e+03 4.048679096580707774e-05
4.063333333333333485e+03 1.575886859058473475e-04
4.066666666666666970e+03 9.736733623871870308e-05
4.070000000000000000e+03 5.837863045637612660e-05
4.073333333333333485e+03 7.297695854474309165e-05
4.076666666666666970e+03 1.331691474904022005e-04
4.080000000000000000e+03 1.671548446965874491e-05
4.083333333333333485e+03 1.181435892184879490e-04
4.086666666666666970e+03 9.648757187352042131e-05
4.090000000000000000e+03 1.170982492789310298e-04
4.093333333333333485e+03 7.100742634845847009e-05
4.096666666666666970e+03 7.146661872978524437e-05
4.100000000000000000e+03 1.372291975807655203e-04
4.103333333333333940e+03 7.859549696140631430e-05
4.106666666666666970e+03 1.167089061760278050e-04
4.110000000000000000e+03 7.269363356178902709e-05
4.113333333333333940e+03 7.056214468547022196e-05
4.116666666666666970e+03 7.972978890122021044e-05
4.120000000000000000e+03 3.604339944413580187e-05
4.123333333333333940e+03 1.349069354561100811e-05
4.126666666666666970e+03 1.011012296462090245e-04
4.130000000000000000e+03 4.791809063683864209e-05
4.133333333333333940e+03 1.114073751984201427e-04
4.136666666666666970e+03 5.099848289443569142e-06
4.140000000000000000e+03 2.643805718812027052e-05
4.143333333333333940e+03 3.488953741518195385e-05
4.146666666666666970e+03 6.882405571607230321e-05
4.150000000000000000e+03 1.031450195224886818e-01
4.153333333333333940e+03 1.781025795223755868e-04
4.156666666666666970e+03 5.458009422548714979e-05
4.160000000000000000e+03 4.735713175292074188e-05
4.163333333333333940e+03 8.811779234304395600e-05
4.166666666666666970e+03 1.248130729332063620e-04
4.170000000000000000e+03 5.037852318379803341e-05
4.173333333333333940e+03 7.150013947328893267e-05
4.176666666666666970e+03 5.702377777049525835e-05
4.180000000000000000e+03 1.360880055709682494e-04
4.183333333333333940e+03 1.002223161032000156e-04
4.186666666666666970e+03 1.359931150912474222e-05
4.190000000000000000e+03 1.156298279305828568e-04
4.193333333333333940e+03 1.281867109287809553e-04
4.196666666666666970e+03 1.676737581481749825e-04
4.200000000000000000e+03 1.455679819825397544e-04
4.203333333333333940e+03 1.703648131242148757e-04
4.206666666666666970e+03 1.598190377266620746e-05
4.210000000000000000e+03 1.313377917767284979e-04
4.213333333333333940e+03 9.113267203818027352e-06
4.216666666666666970e+03 7.966123647052107020e-05
4.220000000000000000e+03 1.230845119445492556e-04
4.223333333333333940e+03 4.667152321354948606e-05
4.226666666666666970e+03 9.311235045000560253e-05
4.230000000000000000e+03 1.352142552171891894e-04
4.233333333333333940e+03 1.553261520791027932e-04
4.236666666666666970e+03 1.222186168096702625e-04
4.240000000000000000e+03 4.298699032388418888e-05
4.243333333333333940e+03 1.893051563069771180e-04
4.246666666666666970e+03 1.216001427659604996e-04
4.250000000000000000e+03 1.024094579412722361e-01
4.253333333333333940e+03 2.113808678767199788e-04
4.256666666666666970e+03 1.092404711927176606e-04
4.260000000000000000e+03 7.540845797847871550e-05
4.263333333333333940e+03 6.672537678153557322e-05
4.266666666666666970e+03 4.487025538576026450e-05
4.270000000000000000e+03 4.671008552474824500e-05
4.273333333333333940e+03 9.743866431179391298e-05
4.276666666666666970e+03 8.802268074892233935e-05
4.280000000000000000e+03 1.375857571698144957e-04
4.283333333333333940e+03 2.471259062372952313e-05
4.286666666666666970e+03 7.117447282409196559e-05
4.290000000000000000e+03 3.389369888606841145e-05
4.293333333333333940e+03 1.086973076611181594e-04
4.296666666666666970e+03 3.410038867362953814e-05
4.300000000000000000e+03 1.675331456898952981e-04
4.303333333333333940e+03 3.269428146212783123e-05
4.306666666666666970e+03 1.132025232207048855e-04
4.310000000000000000e+03 1.459153118669399482e-04
4.313333333333333940e+03 8.773536383582133361e-05
4.316666666666666970e+03 9.974101552309015716e-05
4.320000000000000000e+03 8.065278876328386753e-05
4.323333333333333940e+03 5.998716569359774828e-06
4.326666666666666970e+03 9.563276210568671281e-05
4.330000000000000000e+03 1.062124716602045373e-04
4.333333333333333940e+03 8.704504114354705616e-05
4.336666666666666970e+03 1.021283514749446436e-04
4.340000000000000000e+03 1.301395758223794789e-04
4.343333333333333940e+03 1.145903089417256757e-04
4.346666666666666970e+03 1.234009685059678522e-04
4.350000000000000000e+03 1.014991043708962648e-01
4.353333333333333940e+03 1.922487365119865236e-04
4.356666666666666970e+03 1.439810591961883726e-04
4.360000000000000000e+03 1.075499526039796897e-04
4.363333333333333940e+03 1.077237444732276518e-04
4.366666666666666970e+03 9.984066185975311314e-05
4.370000000000000000e+03 1.654149874545794068e-04
4.373333333333333940e+03 1.232739580803693499e-04
4.376666666666666970e+03 5.236034108023284415e-05
4.380000000000000000e+03 4.289202748347296473e-05
4.383333333333333940e+03 8.059012888972121502e-05
4.386666666666666970e+03 7.008609465391746850e-05
4.390000000000000000e+03 2.864900185408858843e-05
4.393333333333333940e+03 1.054464386488751741e-05
4.396666666666666970e+03 5.736030360890367647e-05
4.400000000000000000e+03 2.623808982704760057e-04
4.403333333333333940e+03 2.420926997740330231e-05
4.406666666666666970e+03 8.741779017112076165e-05
4.410000000000000000e+03 8.148146744570566597e-05
4.413333333333333940e+03 2.072184388472324593e-04
4.416666666666666970e+03 5.031578206312954280e-05
4.420000000000000000e+03 8.143259205148889164e-05
4.423333333333333940e+03 6.602143973021594111e-05
4.426666666666666970e+03 1.008062177462612312e-04
4.430000000000000000e+03 2.168337812522624160e-05
4.433333333333333940e+03 8.909804183067594676e-05
4.436666666666666970e+03 7.574337430063558059e-05
4.440000000000000000e+03 8.615195259505965949e-05
4.443333333333333940e+03 8.767332670185119933e-05
4.446666666666666970e+03 1.903458312252695993e-04
4.450000000000000000e+03 1.011223904203691071e-01
4.453333333333333940e+03 1.375296417788830522e-04
4.456666666666666970e+03 1.006727091176589213e-04
4.460000000000000000e+03 7.469230288893887425e-05
4.463333333333333940e+03 1.257146643450792161e-04
4.466666666666666970e+03 4.026750012999085344e-05
4.470000000000000000e+03 1.147677194351251831e-04
4.473333333333333940e+03 4.143494474812162251e-05
4.476666666666666970e+03 1.132140748433752621e-04
4.480000000000000000e+03 1.042098113094212336e-04
4.483333333333333940e+03 1.158565549671195920e-04
4.486666666666666970e+03 7.618898303182486962e-05
4.490000000000000000e+03 1.120182746975212170e-05
4.493333333333333940e+03 4.918839689735127213e-05
4.496666666666666970e+03 9.548659053898517137e-05
4.500000000000000000e+03 2.055200036693104583e-04
4.503333333333333940e+03 8.684400195292646526e-05
4.506666666666666970e+03 3.970972478106835502e-05
4.510000000000000000e+03 5.877213383304502776e-05
4.513333333333333940e+03 8.752178909714371105e-05
4.516666666666666970e+03 2.589748136158495021e-05
4.520000000000000000e+03 7.768008390746699503e-05
4.523333333333333940e+03 9.715406406484194447e-05
4.526666666666666970e+03 9.809690138438362803e-05
4.530000000000000000e+03 6.265257660787073972e-05
4.533333333333333940e+03 1.163931412020735340e-04
4.536666666666666970e+03 7.974740674632934713e-05
4.540000000000000000e+03 7.509474231027955208e-05
4.543333333333333940e+03 1.504756012924257744e-04
4.546666666666666970e+03 1.425319827899781098e-04
4.550000000000000000e+03 1.004873983694841710e-01
4.553333333333333940e+03 1.044864597651262548e-04
4.556666666666666970e+03 6.100354258803506754e-05
4.560000000000000000e+03 1.461858115597669907e-04
4.563333333333333940e+03 3.249380776188806678e-05
4.566666666666666970e+03 9.433388445778844084e-05
4.570000000000000000e+03 5.627088939769483701e-05
4.573333333333333940e+03 9.066200470809818981e-05
4.576666666666666970e+03 7.539012017416652476e-05
4.580000000000000000e+03 1.211795799165856722e-04
4.583333333333333940e+03 4.575617717526507370e-05
4.586666666666666970e+03 4.323142326605461107e-05
4.590000000000000000e+03 6.683231870248828221e-05
4.593333333333333940e+03 5.762954755388147442e-05
4.596666666666666970e+03 3.670376369175824664e-05
4.600000000000000000e+03 2.396428243410701027e-04
4.603333333333333940e+03 4.086546127854724918e-05
4.606666666666666970e+03 7.158314529195858127e-05
4.610000000000000000e+03 3.679640933887363356e-05
4.613333333333333940e+03 8.922136681321065699e-05
4.616666666666666970e+03 1.044369649412768802e-04
4.620000000000000000e+03 9.278354280856702474e-05
4.623333333333333940e+03 2.582835918727824205e-05
4.626666666666666970e+03 1.553225843633448307e-05
4.630000000000000000e+03 6.086910172255439387e-05
4.633333333333333940e+03 2.725744649624965132e-05
4.636666666666666970e+03 8.133752026500999861e-05
4.640000000000000000e+03 1.110707567335288452e-04
4.643333333333333940e+03 6.108183080626623806e-05
4.646666666666666970e+03 1.872297129748364160e-04
4.650000000000000000e+03 1.001406058347674988e-01
4.653333333333333940e+03 2.578266660980503685e-04
4.656666666666666970e+03 1.171036614826910440e-04
4.660000000000000000e+03 3.868077289407727992e-05
4.663333333333333940e+03 4.869923816497130148e-05
4.666666666666666970e+03 6.325117027629617724e-05
4.670000000000000000e+03 5.011905227634319256e-05
4.673333333333333940e+03 9.756185176945096117e-05
4.676666666666666970e+03 1.821929917144666708e-04
4.680000000000000000e+03 1.222638522816292550e-04
4.683333333333333940e+03 5.371953846383748844e-05
4.686666666666666970e+03 2.076627365162043802e-05
4.690000000000000000e+03 7.629599859436335505e-05
4.693333333333333940e+03 9.614966162001698262e-05
4.696666666666666970e+03 4.257941181986526439e-05
4.700000000000000000e+03 9.374682713046974072e-05
4.703333333333333940e+03 5.747052198902173972e-05
4.706666666666666970e+03 4.717056394261573383e-05
4.710000000000000000e+03 1.496904575116752309e-04
4.713333333333333940e+03 2.415076006995918855e-05
4.716666666666666970e+03 4.505952056194601027e-05
4.720000000000000000e+03 6.394075452453681821e-05
4.723333333333333940e+03 2.753413345401556334e-05
4.726666666666666970e+03 1.833375009729655073e-05
4.730000000000000000e+03 1.304845973749638058e-04
4.733333333333333940e+03 8.931641094556124090e-05
4.736666666666666970e+03 1.266767105102873727e-05
4.740000000000000000e+03 9.544362343720454471e-05
4.743333333333333940e+03 1.944403654413370645e-04
4.746666666666666970e+03 1.614464626960295337e-04
4.750000000000000000e+03 9.980301643811265166e-02
4.753333333333333940e+03 1.700638355948622658e-04
4.756666666666666970e+03 4.582114496335473622e-05
4.760000000000000000e+03 1.172179410107725042e-04
4.763333333333333940e+03 4.019993292297530769e-05
4.766666666666666970e+03 5.131472035643315813e-05
4.770000000000000000e+03 6.357840682388287009e-05
4.773333333333333940e+03 2.053111842768432286e-05
4.776666666666666970e+03 4.425493247172745069e-05
4.780000000000000000e+03 7.630489569672835499e-05
4.783333333333333940e+03 1.126477745341730795e-04
4.786666666666666970e+03 3.411381848494157617e-05
4.790000000000000000e+03 3.377722464022870605e-05
4.793333333333333940e+03 7.094100934407936761e-05
4.796666666666666970e+03 9.715877703226874940e-05
4.800000000000000000e+03 2.351665452452060860e-04
4.803333333333333940e+03 3.455022726544482539e-05
4.806666666666666970e+03 7.957307213587248959e-05
4.810000000000000000e+03 2.630733864132529240e-05
4.813333333333333940e+03 2.386132960176051091e-05
4.816666666666666970e+03 8.576164931896912446e-05
4.820000000000000000e+03 1.565873533234953766e-04
4.823333333333333940e+03 3.803043661875354909e-05
4.826666666666666970e+03 8.450697055845266469e-05
4.830000000000000000e+03 9.395362802905463725e-05
4.833333333333333940e+03 6.810097875221842085e-05
4.836666666666666970e+03 9.831354316314364560e-05
4.840000000000000000e+03 6.201649089668958724e-05
4.843333333333333940e+03 2.721103331913219672e-05
4.846666666666666970e+03 1.489460721515152922e-04
4.850000000000000000e+03 9.958516128506154919e-02
4.853333333333333940e+03 2.091313816791918741e-04
4.856666666666666970e+03 1.292534757121626050e-04
4.860000000000000000e+03 1.689509244130063070e-04
4.863333333333333940e+03 8.118065978592448170e-06
4.866666666666666970e+03 9.543316409057761172e-05
4.870000000000000000e+03 8.371517100710201386e-05
4.873333333333333940e+03 9.640964424692908413e-05
4.876666666666666970e+03 1.413213403027657278e-04
4.880000000000000000e+03 7.940085432983111434e-05
4.883333333333333940e+03 4.419914753088309399e-05
4.886666666666666970e+03 1.732371296454330559e-04
4.890000000000000000e+03 4.248836864573196621e-05
4.893333333333333940e+03 8.180584123268287201e-05
4.896666666666666970e+03 1.291119496320568224e-05
4.900000000000000000e+03 2.392212095738359249e-04
4.903333333333333940e+03 1.133840725640462404e-04
4.906666666666666970e+03 3.023662960332279857e-05
4.910000000000000000e+03 1.094646558781167721e-04
4.913333333333333940e+03 7.513160454699525112e-05
4.916666666666666970e+03 9.016402087554921342e-05
4.920000000000000000e+03 1.171156838081444324e-04
4.923333333333333940e+03 3.843108992241438889e-05
4.926666666666666970e+03 1.025671723375195084e-04
4.930000000000000000e+03 4.466600434358796449e-05
4.933333333333333940e+03 1.765598791884011331e-04
4.936666666666666970e+03 1.927780041826545243e-04
4.940000000000000000e+03 4.557014372543690577e-05
4.943333333333333940e+03 3.077425358613433375e-06
4.946666666666666970e+03 1.990938798216204111e-04
4.950000000000000000e+03 9.947285605023810373e-02
4.953333333333333940e+03 1.191907150523527532e-04
4.956666666666666970e+03 7.413747213852970046e-05
4.960000000000000000e+03 7.539326314005129464e-05
4.963333333333333940e+03 3.241117253862509312e-04
4.966666666666666970e+03 1.435159338921154792e-04
4.970000000000000000e+03 1.538665060228661401e-04
4.973333333333333940e+03 4.413910547363334835e-04
4.976666666666666970e+03 1.692202174554533118e-04
4.980000000000000000e+03 1.789687019755780600e-04
4.983333333333333940e+03 1.548188987453104674e-04
4.986666666666666970e+03 1.165513292121354741e-04
4.990000000000000000e+03 1.490986333078935010e-04
4.993333333333333940e+03 1.286116546141538098e-04
4.996666666666666970e+03 8.921598468123392248e-05
