2.500000000000000486e-03 5.000000000000000104e-04 5.428865000000000496e-01 3.899360344999709682e-02
3.600000000000000769e-03 6.000000000000000559e-04 5.513062499999998867e-01 3.872778146906462327e-02
4.900000000000000709e-03 7.000000000000001013e-04 5.581499999999999240e-01 3.840277712634367763e-02
6.400000000000000307e-03 8.000000000000000383e-04 5.669269999999999587e-01 3.815528010970434258e-02
8.099999999999999561e-03 8.999999999999999754e-04 5.738094999999998613e-01 3.784774552421352189e-02
1.000000000000000194e-02 1.000000000000000021e-03 5.717250000000001497e-01 3.722798216731603577e-02
1.209999999999999964e-02 1.100000000000000066e-03 5.712200000000001721e-01 3.669295137012013042e-02
1.440000000000000308e-02 1.200000000000000112e-03 5.852047499999999403e-01 3.672945514182895249e-02
1.690000000000000183e-02 1.300000000000000157e-03 6.061004999999999310e-01 3.707338674865873207e-02
1.960000000000000284e-02 1.400000000000000203e-03 5.944730000000000292e-01 3.628101211722186553e-02
2.250000000000000611e-02 1.500000000000000248e-03 6.336159999999997350e-01 3.749460494857892456e-02
2.560000000000000123e-02 1.600000000000000077e-03 6.458437499999998277e-01 3.784475909575359814e-02
2.889999999999999514e-02 1.699999999999999905e-03 6.501634999999998943e-01 3.807102710744254132e-02
3.239999999999999825e-02 1.799999999999999951e-03 6.610532500000000367e-01 3.880471886595270037e-02
3.610000000000000014e-02 1.899999999999999996e-03 6.655229999999996426e-01 3.959276995255098242e-02
4.000000000000000777e-02 2.000000000000000042e-03 6.847527500000000211e-01 4.149700508790513803e-02
4.410000000000000725e-02 2.100000000000000304e-03 7.102224999999998678e-01 4.439890199954977384e-02
4.840000000000001246e-02 2.200000000000000133e-03 7.310249999999995918e-01 4.803433830344702726e-02
5.289999999999998870e-02 2.299999999999999961e-03 7.466420000000002499e-01 5.267777037105524085e-02
5.759999999999999842e-02 2.399999999999999790e-03 7.462157499999999555e-01 5.799449069752767721e-02
